0.000416775 -0.0053268 0.860426
-0.0663999 0.000645439 1.71713
-0.198208 -0.00593689 2.56739
-0.196574 -0.0473706 3.42582
-0.18962 -0.0586998 4.28615
-0.205954 -0.0810194 5.1451
-0.241627 -0.112025 6.00434
-0.269961 -0.122668 6.86325
-0.338712 -0.141139 7.72061
-0.3368 -0.145347 8.5812
-0.301705 -0.164111 9.43941
-0.387202 -0.153482 10.2955
-0.498518 -0.118091 11.1479
-0.418775 -0.183392 12.0013
-0.408722 -0.204718 12.8568
-0.422048 -0.2149 13.7203
-0.270226 -0.246894 14.5771
-0.320337 -0.248401 15.4573
-0.341605 -0.25641 16.349
-0.454489 -0.231734 17.2432
-0.551521 -0.242987 18.1441
-0.611313 -0.259019 19.0551
-0.528725 -0.280221 19.9662
-0.669781 -0.256989 20.8735
-0.769384 -0.231094 21.7965
-0.845882 -0.218049 22.7294
-0.969949 -0.234967 23.6583
-1.08333 -0.225015 24.5955
-1.1648 -0.175993 25.5376
-0.676599 -0.0891773 26.3472
-0.55313 -0.0693341 27.2923
-0.631322 -0.0613211 28.2491
-0.77928 -0.0716712 29.2076
-0.764716 -0.14206 30.1819
-0.919895 -0.137613 31.1504
-0.978333 -0.175552 32.1285
-1.16188 -0.203612 33.0914
-1.19064 -0.28322 34.0736
-1.34323 -0.270934 35.0753
-1.45884 -0.308253 36.1287
-1.58183 -0.365661 37.1645
-1.64387 -0.419088 38.2079
-1.78236 -0.434649 39.2335
-1.99541 -0.433083 40.2493
-2.24044 -0.418822 41.2453
-2.44762 -0.416076 42.249
-2.5405 -0.465836 43.256
-2.52382 -0.500772 44.2631
-2.65107 -0.48839 45.2586
-2.90493 -0.482386 46.2276
-3.04332 -0.517809 47.2149
-3.22178 -0.513197 48.1877
-3.35095 -0.52458 49.1597
-3.49556 -0.548233 50.1332
-3.67975 -0.522307 51.099
-3.72749 -0.564847 52.0761
-3.84132 -0.601663 53.0413
-3.92762 -0.610403 54.0028
-4.07331 -0.614293 54.9576
-4.31697 -0.565463 55.8859
-4.41503 -0.633388 56.8428
-4.5081 -0.67379 57.8015
-4.63384 -0.712589 58.7467
-4.7552 -0.749948 59.6818
-4.83328 -0.798875 60.6045
-5.00611 -0.825891 61.5053
-5.20175 -0.822324 62.3979
-5.28326 -0.864183 63.2948
-5.54346 -0.86258 64.1417
-5.68542 -0.869909 65.0018
-5.85356 -0.859332 65.8432
-6.09663 -0.83997 66.6535
-6.2736 -0.839915 67.4662
-6.45154 -0.853161 68.2662
-6.56926 -0.863979 69.065
-6.68565 -0.862689 69.8535
-6.82833 -0.859473 70.6197
-6.99267 -0.862514 71.3583
-7.21687 -0.849245 72.0571
-7.42888 -0.850584 72.741
-7.65638 -0.852031 73.4012
-7.85435 -0.806357 74.0501
-8.04534 -0.805988 74.6817
-8.16064 -0.801193 75.3051
-8.22319 -0.824637 75.9156
-8.29922 -0.841668 76.5073
-8.43578 -0.867133 77.0749
-8.57356 -0.87485 77.6307
-8.66272 -0.893826 78.1802
-8.79144 -0.900302 78.7088
-8.88316 -0.914458 79.2326
-8.94887 -0.940644 79.7403
-9.04147 -0.959489 80.2334
-9.0936 -0.982761 80.7181
-9.17037 -0.977713 81.1865
-9.16383 -0.999969 81.6462
-9.21949 -1.00567 82.0978
-9.18836 -1.00686 82.5469
-9.03558 -1.02427 82.9567
-8.9308 -1.03917 83.3824
-8.85144 -1.05723 83.8066
-8.4936 -1.02404 84.0104
-8.22926 -1.03418 84.3323
-7.88741 -1.05861 84.5326
-7.70759 -1.10685 84.8902
-7.45405 -1.14069 85.1937
-7.24519 -1.15828 85.5089
-7.05242 -1.18433 85.8438
-7.01702 -1.18331 86.2157
-6.74993 -1.1982 86.497
-6.46579 -1.21256 86.7542
-6.17726 -1.25006 86.9924
-5.87521 -1.2546 87.2235
-5.56614 -1.28933 87.4258
-5.21273 -1.29242 87.5661
-4.91024 -1.30335 87.7978
-4.57696 -1.30983 87.9727
-4.22367 -1.30509 88.1341
-3.87285 -1.3002 88.294
-3.52575 -1.30033 88.4622
-3.17264 -1.30985 88.6241
-2.80916 -1.32396 88.7746
-2.4236 -1.34739 88.8936
-2.03092 -1.35679 89.0158
-1.62725 -1.35325 89.146
-1.21546 -1.35075 89.2683
-0.76742 -1.39284 89.2865
-0.302551 -1.44851 89.301
0.172403 -1.4633 89.3183
0.646292 -1.44216 89.4322
1.14022 -1.4096 89.489
1.64939 -1.4159 89.5667
1.78761 -0.912667 89.6627
1.9747 -0.424706 89.8218
2.50723 -0.521208 89.9811
3.06439 -0.637173 90.1134
3.65135 -0.770867 90.1538
4.24277 -0.876471 90.3052
4.86552 -1.02284 90.3191
5.49899 -1.1533 90.4229
6.14954 -1.28216 90.5432
6.81523 -1.42081 90.6373
7.50743 -1.5177 90.7472
8.212 -1.66004 90.8293
8.93991 -1.78929 90.8207
9.67688 -1.8963 90.9697
10.4089 -2.01404 91.185
