0.0379463 -0.0130036 0.999195
0.0379463 -0.0130036 0.999195
-0.00430835 -0.0105257 1.85748
-0.033719 -0.0138973 2.71741
-0.0452966 -0.0187396 3.57675
-0.032445 -0.061499 4.43602
-0.0513968 -0.0771272 5.29507
-0.0766202 -0.0888462 6.15516
-0.0559429 -0.0982048 7.0143
-0.0974338 -0.119575 7.87334
-0.146132 -0.124529 8.73255
-0.217615 -0.132819 9.58866
-0.256919 -0.142136 10.4481
-0.317154 -0.147278 11.3064
-0.368194 -0.14566 12.1645
-0.415939 -0.15138 13.019
-0.46547 -0.176354 13.8809
-0.513511 -0.191472 14.7501
-0.562306 -0.215204 15.6301
-0.634837 -0.230457 16.5189
-0.695851 -0.252075 17.4183
-0.760434 -0.271493 18.3219
-0.830373 -0.288954 19.2321
-0.902482 -0.289384 20.1444
-0.986227 -0.311442 21.0588
-1.05509 -0.334488 21.9847
-1.13011 -0.339576 22.9178
-1.20361 -0.349476 23.8522
-1.27487 -0.344642 24.7935
-1.33364 -0.339499 25.7385
-1.39715 -0.341151 26.6858
-1.44723 -0.339228 27.6378
-1.53519 -0.328973 28.5938
-1.54972 -0.340959 29.5634
-1.60425 -0.341775 30.5389
-1.68097 -0.348094 31.5168
-1.734 -0.360791 32.4959
-1.78487 -0.36995 33.4751
-1.86225 -0.392482 34.4576
-1.94836 -0.396721 35.4673
-2.02109 -0.411755 36.5251
-2.11347 -0.418825 37.5656
-2.20697 -0.40678 38.6079
-2.25289 -0.429842 39.6417
-2.34481 -0.443157 40.6754
-2.46151 -0.436984 41.6945
-2.54693 -0.436718 42.7158
-2.62987 -0.44908 43.7249
-2.70998 -0.46861 44.7294
-2.78691 -0.473493 45.7301
-2.84426 -0.449938 46.7299
-2.89758 -0.463635 47.726
-2.99049 -0.463193 48.7106
-3.09437 -0.467009 49.6856
-3.19317 -0.483472 50.665
-3.29531 -0.48453 51.6433
-3.34552 -0.482028 52.6211
-3.4201 -0.466725 53.5907
-3.52412 -0.473888 54.5505
-3.60071 -0.485714 55.5133
-3.68511 -0.489423 56.4705
-3.76963 -0.516487 57.4308
-3.83516 -0.513246 58.3926
-3.93818 -0.521954 59.3413
-4.00265 -0.529234 60.2827
-4.07898 -0.526328 61.2069
-4.15547 -0.544017 62.1211
-4.25551 -0.558928 63.0293
-4.37821 -0.544561 63.9224
-4.46548 -0.563987 64.8038
-4.55183 -0.556507 65.6713
-4.65215 -0.55112 66.5235
-4.76916 -0.546537 67.3615
-4.85117 -0.53708 68.1892
-4.95039 -0.556959 69.0025
-5.04905 -0.55546 69.804
-5.13334 -0.552229 70.5966
-5.34847 -0.502728 71.3441
-5.4498 -0.497387 72.0939
-5.56341 -0.487446 72.8189
-5.66469 -0.510773 73.5274
-5.67071 -0.511153 74.2256
-5.81003 -0.501105 74.8911
-5.88093 -0.514402 75.547
-5.95633 -0.531978 76.1762
-6.0144 -0.538829 76.7876
-6.08159 -0.56411 77.38
-6.14052 -0.581171 77.9612
-6.1987 -0.592239 78.5308
-6.23513 -0.605723 79.0864
-6.28167 -0.610496 79.6285
-6.31334 -0.623319 80.1594
-6.3426 -0.628887 80.6711
-6.33739 -0.629317 81.1731
-6.36086 -0.62452 81.6606
-6.32997 -0.647704 82.1337
-6.31508 -0.647992 82.5937
-6.28255 -0.61872 83.0467
-6.25989 -0.62117 83.4963
-6.2065 -0.62904 83.9306
-6.11172 -0.630603 84.359
-6.02983 -0.637373 84.783
-5.90205 -0.645443 85.1758
-5.75002 -0.655681 85.5636
-5.56505 -0.653357 85.9148
-5.36323 -0.662779 86.2637
-5.15127 -0.660933 86.5992
-4.92221 -0.666103 86.9006
-4.6695 -0.661594 87.1941
-4.42079 -0.674212 87.4725
-4.13752 -0.683065 87.7378
-3.83371 -0.691353 87.9717
-3.53872 -0.699939 88.2048
-3.22225 -0.714619 88.4153
-2.88957 -0.703798 88.5791
-2.55278 -0.706235 88.7557
-2.20334 -0.707955 88.9078
-1.84314 -0.71106 89.0173
-1.46194 -0.710904 89.0918
-1.09062 -0.682376 89.1918
-0.720183 -0.66584 89.2979
-0.345838 -0.662876 89.4021
0.0365471 -0.665809 89.4956
0.436375 -0.681184 89.5527
0.844973 -0.675359 89.5999
1.26705 -0.668162 89.6413
1.69341 -0.648601 89.6899
2.13931 -0.636031 89.7521
2.60497 -0.635504 89.8028
3.07789 -0.632043 89.8521
3.5651 -0.630035 89.877
4.06284 -0.630777 89.8993
4.57691 -0.638137 89.9313
5.10701 -0.626517 89.9522
5.65279 -0.620985 89.9746
6.21576 -0.627725 90.0107
6.79966 -0.612158 90.0244
7.40295 -0.605786 90.0297
8.02244 -0.597735 90.0349
8.66211 -0.590688 90.0487
9.31641 -0.576668 90.0765
9.99011 -0.560976 90.09
10.676 -0.546507 90.1142
11.3829 -0.526746 90.1371
12.1054 -0.499778 90.1634
12.844 -0.472012 90.1812
13.6016 -0.44966 90.2284
14.3713 -0.44336 90.2893
15.1572 -0.385108 90.3016
15.9517 -0.346544 90.3156
16.7547 -0.33858 90.3431
17.5594 -0.339742 90.3807
18.3663 -0.314911 90.4552
19.1805 -0.294893 90.5024
19.9983 -0.301093 90.5616
20.8158 -0.276973 90.6261
21.6328 -0.264146 90.6846
22.4494 -0.261858 90.753
23.2629 -0.263202 90.8324
24.0757 -0.2565 90.8784
24.8862 -0.252421 90.9389
25.6966 -0.258465 91.0094
26.5048 -0.266366 91.086
27.3184 -0.277444 91.0964
28.1295 -0.298425 91.1498
28.9366 -0.31149 91.187
29.7382 -0.335959 91.2175
30.5398 -0.350949 91.2032
31.337 -0.374591 91.2357
32.1298 -0.38016 91.2366
32.9214 -0.395873 91.2031
33.7072 -0.411982 91.1552
34.4866 -0.424569 91.1193
35.2626 -0.426214 91.0922
36.0321 -0.446367 91.087
36.793 -0.449447 91.0474
37.5436 -0.467745 90.9683
38.2875 -0.488219 90.8986
39.0248 -0.49192 90.8292
39.7524 -0.4989 90.7419
40.4704 -0.513147 90.6492
41.184 -0.531187 90.5696
41.8843 -0.538157 90.4786
42.5696 -0.556027 90.3915
43.2368 -0.553797 90.2724
43.8949 -0.538511 90.2272
44.5342 -0.546938 90.1552
45.1579 -0.539092 90.1264
45.761 -0.53855 90.0788
46.3441 -0.524133 90.0336
46.9082 -0.508491 90.0462
47.4511 -0.511701 90.0152
47.9866 -0.512687 89.9975
48.5144 -0.500901 90.0091
49.035 -0.505247 90.0685
49.5538 -0.491268 90.149
50.074 -0.509515 90.1893
50.583 -0.518337 90.2609
51.0847 -0.512708 90.3732
51.5558 -0.537323 90.5835
52.0378 -0.555372 90.7048
52.5047 -0.562248 90.8813
52.8812 -0.580385 91.2007
53.2798 -0.608448 91.4402
53.6609 -0.60714 91.7321
54.0217 -0.615649 92.0106
54.374 -0.637998 92.3321
54.7085 -0.628984 92.6709
54.9993 -0.632025 93.0174
55.2763 -0.657432 93.4055
55.5172 -0.655128 93.8183
55.7458 -0.627513 94.2132
55.9468 -0.627549 94.6505
56.0872 -0.628518 95.1118
56.2518 -0.634017 95.5521
56.3924 -0.625576 96.0223
56.516 -0.617305 96.4854
56.6409 -0.608786 96.9608
56.7831 -0.58922 97.4319
56.9049 -0.585531 97.9128
57.0209 -0.585468 98.4066
57.131 -0.57762 98.913
57.2441 -0.567845 99.4262
57.3422 -0.562187 99.9532
57.4748 -0.561313 100.483
57.6057 -0.558897 101.024
57.7571 -0.554967 101.568
57.8702 -0.558609 102.133
58.0313 -0.55743 102.708
58.1778 -0.564864 103.299
58.3271 -0.573894 103.905
58.5225 -0.585457 104.507
58.6516 -0.580273 105.141
58.8503 -0.585092 105.763
59.0347 -0.593631 106.398
59.2244 -0.586451 107.037
59.4099 -0.586042 107.69
59.5902 -0.588392 108.359
59.7802 -0.589112 109.046
59.9561 -0.585135 109.755
60.1304 -0.586867 110.474
60.3235 -0.578303 111.191
60.4922 -0.566843 111.921
60.692 -0.558076 112.655
60.8757 -0.558272 113.407
61.0778 -0.571323 114.17
61.2783 -0.575516 114.943
61.4708 -0.572388 115.731
61.6709 -0.563266 116.537
61.8645 -0.562905 117.346
62.0805 -0.558727 118.158
62.2717 -0.562736 118.975
62.4269 -0.549563 119.804
62.5857 -0.539976 120.638
62.7358 -0.533266 121.482
62.9268 -0.538503 122.322
63.0989 -0.521763 123.166
63.3063 -0.52694 124.004
63.5479 -0.532554 124.851
63.8069 -0.552528 125.684
64.0716 -0.565798 126.514
64.2376 -0.565656 127.373
64.4597 -0.561725 128.219
64.6578 -0.58539 129.066
64.8876 -0.589969 129.881
65.0935 -0.609391 130.692
65.3001 -0.629282 131.505
65.5058 -0.641314 132.333
65.7541 -0.649436 133.167
65.9655 -0.650438 134.002
66.155 -0.642496 134.813
66.3515 -0.62757 135.609
66.5308 -0.619326 136.413
66.7406 -0.629536 137.216
66.9292 -0.644811 138.027
67.1541 -0.645711 138.817
67.3577 -0.648812 139.609
67.5297 -0.657835 140.424
67.6943 -0.661496 141.209
67.8913 -0.659983 142.005
68.0775 -0.659747 142.804
68.2415 -0.655211 143.601
68.4305 -0.664681 144.389
68.6249 -0.672403 145.168
68.7766 -0.673201 145.964
68.9396 -0.68915 146.763
69.1112 -0.678433 147.564
69.2644 -0.678795 148.367
69.3494 -0.657434 149.173
69.4878 -0.660556 149.963
69.6059 -0.671381 150.752
69.7445 -0.66752 151.545
69.9145 -0.67347 152.343
70.0272 -0.674303 153.158
70.1531 -0.686921 153.966
70.1848 -0.695548 154.778
70.2826 -0.720857 155.588
70.379 -0.725408 156.405
70.4648 -0.741938 157.229
70.5769 -0.7372 158.052
70.636 -0.738417 158.875
70.7079 -0.757259 159.696
70.76 -0.759564 160.518
70.8383 -0.763864 161.335
70.8925 -0.790505 162.151
70.9461 -0.796684 162.967
71.0175 -0.808547 163.8
71.0418 -0.803883 164.64
71.0672 -0.805096 165.475
71.1364 -0.812149 166.296
71.1869 -0.82267 167.11
71.2314 -0.82541 167.927
71.2529 -0.822683 168.755
71.2485 -0.799147 169.59
71.3012 -0.818834 170.424
71.3319 -0.799181 171.265
71.3443 -0.802965 172.108
71.3344 -0.820279 172.944
71.3019 -0.826585 173.773
71.3142 -0.831159 174.605
71.2655 -0.837762 175.457
71.2311 -0.844417 176.317
71.186 -0.850362 177.172
71.1084 -0.833535 178.013
71.064 -0.84612 178.85
71.0087 -0.857011 179.688
70.9694 -0.868428 180.535
70.9482 -0.8837 181.393
70.9284 -0.881766 182.256
70.8895 -0.895889 183.119
70.8634 -0.909301 183.975
70.8408 -0.928982 184.825
70.8403 -0.935489 185.671
70.8115 -0.949408 186.519
70.7707 -0.971185 187.38
70.7187 -0.987286 188.243
70.6858 -0.996008 189.093
70.6395 -1.00008 189.932
70.5945 -1.01849 190.768
70.5466 -1.02305 191.608
70.4896 -1.03494 192.449
70.4443 -1.04913 193.288
70.4042 -1.05348 194.124
70.3464 -1.05957 194.956
70.288 -1.0504 195.78
70.2559 -1.06072 196.594
70.201 -1.08175 197.408
70.1572 -1.08938 198.114
70.1147 -1.10156 198.821
70.1127 -1.09994 199.529
70.0814 -1.10086 200.236
70.0387 -1.1109 200.943
70.0091 -1.13845 201.649
69.9826 -1.16941 202.355
69.9604 -1.19214 203.063
69.9072 -1.1951 203.769
69.8576 -1.2181 204.475
69.836 -1.23353 205.182
69.7808 -1.26402 205.886
69.7938 -1.25123 206.594
69.7869 -1.26025 207.301
69.7686 -1.25877 208.009
69.7284 -1.27344 208.721
69.7558 -1.29769 209.368
69.7266 -1.31352 210.016
69.7711 -1.31844 210.662
69.7877 -1.33983 211.298
69.8165 -1.33914 211.936
69.8343 -1.34902 212.571
69.9328 -1.31941 213.21
69.9433 -1.32168 213.858
69.9353 -1.32701 214.516
69.9482 -1.3437 215.166
69.9433 -1.35483 215.817
69.9615 -1.36448 216.47
69.9881 -1.37878 217.131
69.9963 -1.40436 217.806
69.98 -1.41643 218.492
69.9831 -1.42757 219.185
69.9871 -1.43528 219.878
69.9986 -1.44394 220.56
69.9773 -1.4472 221.232
69.9669 -1.44934 221.885
69.9585 -1.45314 222.54
69.9518 -1.45683 223.222
69.9571 -1.45391 223.908
69.9437 -1.45981 224.59
69.935 -1.46478 225.272
69.9197 -1.47419 225.946
69.9071 -1.48457 226.632
69.8928 -1.49321 227.318
69.8631 -1.50498 228.009
69.8308 -1.51564 228.692
69.8079 -1.51878 229.373
69.7791 -1.52033 230.044
69.7575 -1.53476 230.711
69.7404 -1.553 231.373
69.7245 -1.56557 232.032
69.71 -1.58859 232.689
69.6715 -1.59842 233.337
69.647 -1.62311 233.959
69.6418 -1.63533 234.569
69.6032 -1.64114 235.166
69.594 -1.65483 235.736
69.5717 -1.6635 236.284
69.5474 -1.68139 236.815
69.5036 -1.69551 237.335
69.4571 -1.70795 237.85
69.409 -1.72583 238.356
69.3199 -1.73441 238.86
69.229 -1.73296 239.36
69.1186 -1.7485 239.839
68.9602 -1.76761 240.304
68.7816 -1.78408 240.735
68.5836 -1.78472 241.17
68.3832 -1.7955 241.602
68.138 -1.80321 241.977
67.873 -1.81642 242.354
67.6058 -1.8129 242.723
67.3345 -1.80682 243.052
67.0582 -1.80694 243.396
66.7263 -1.79252 243.689
66.3968 -1.77419 243.957
66.0339 -1.73093 244.197
65.6739 -1.71648 244.429
65.312 -1.69696 244.621
64.9349 -1.67949 244.797
64.5671 -1.67438 244.98
64.2039 -1.63546 245.147
63.8234 -1.61653 245.302
63.4092 -1.63696 245.383
62.9883 -1.60684 245.497
62.5445 -1.59386 245.575
62.0847 -1.56456 245.645
61.615 -1.55188 245.662
61.1328 -1.53692 245.691
60.6352 -1.52823 245.713
60.1384 -1.52307 245.644
59.6264 -1.48606 245.687
59.1052 -1.45723 245.618
58.5692 -1.42104 245.624
58.02 -1.37061 245.634
57.456 -1.34266 245.601
56.8777 -1.2963 245.611
56.2815 -1.26924 245.578
55.6665 -1.23311 245.566
55.0345 -1.18248 245.544
54.3817 -1.13985 245.503
53.7113 -1.09578 245.448
53.0271 -1.05095 245.424
52.3367 -1.0025 245.391
51.6264 -0.956775 245.358
50.8871 -0.904429 245.32
50.1313 -0.855181 245.262
49.3453 -0.800251 245.247
48.547 -0.735993 245.214
47.7357 -0.700929 245.199
46.9018 -0.649078 245.195
46.0594 -0.603534 245.152
45.1916 -0.569916 245.137
44.3262 -0.529569 245.107
43.4582 -0.476568 245.081
42.5997 -0.433353 245.014
41.7385 -0.383967 244.975
40.8742 -0.299188 244.989
39.9975 -0.247152 244.96
39.1289 -0.201997 244.93
38.2586 -0.15535 244.912
37.3854 -0.118342 244.891
36.5096 -0.0898091 244.852
35.6425 -0.0375815 244.83
34.7705 -0.00231783 244.833
33.9023 0.0463497 244.812
33.015 0.0931058 244.793
32.1458 0.135787 244.741
31.2668 0.193854 244.685
30.393 0.233773 244.667
29.5271 0.29026 244.611
28.6644 0.336644 244.553
27.8031 0.385764 244.507
26.9443 0.43895 244.468
26.0965 0.489775 244.416
25.2456 0.53286 244.386
24.4063 0.558158 244.35
23.5625 0.5894 244.336
22.7297 0.62823 244.306
21.8953 0.67155 244.248
21.0656 0.693813 244.226
20.2392 0.718185 244.204
19.4195 0.745459 244.193
18.6078 0.751187 244.172
17.7987 0.788099 244.146
16.9934 0.825627 244.107
16.1846 0.843965 244.054
15.3845 0.885275 243.994
14.5853 0.914349 243.93
13.7916 0.953289 243.869
13.0053 0.995035 243.808
12.228 1.02609 243.702
11.4567 1.07006 243.633
10.6992 1.12288 243.53
9.94955 1.17103 243.45
9.20783 1.21596 243.375
8.48245 1.25186 243.29
7.77561 1.3072 243.203
7.0824 1.36358 243.132
6.40071 1.41021 243.084
5.73406 1.4568 243.025
5.07952 1.51044 242.981
4.44449 1.55829 242.925
3.82035 1.60812 242.884
3.21251 1.65722 242.843
2.61756 1.70515 242.794
2.03774 1.74274 242.738
1.47486 1.77176 242.671
0.929881 1.80544 242.62
0.402534 1.84532 242.603
-0.110634 1.88265 242.578
-0.604971 1.92014 242.575
-1.08413 1.95198 242.59
-1.54604 1.98584 242.587
-1.99542 2.01166 242.571
-2.42346 2.05415 242.572
-2.83372 2.09758 242.559
-3.2287 2.14411 242.548
-3.6059 2.16272 242.562
-3.96022 2.19841 242.518
-4.3038 2.22129 242.502
-4.62672 2.24289 242.53
-4.92751 2.25426 242.539
-5.20656 2.2603 242.52
-5.45796 2.27514 242.541
-5.67804 2.3039 242.594
-5.86153 2.33052 242.653
-6.03108 2.31843 242.668
-6.17852 2.32303 242.68
-6.17852 2.32303 242.68
-6.17852 2.32303 242.68
-6.17852 2.32303 242.68
-6.17852 2.32303 242.68
-6.17852 2.32303 242.68
-6.17852 2.32303 242.68
-6.17852 2.32303 242.68
-6.17852 2.32303 242.68
-6.17852 2.32303 242.68
-6.17852 2.32303 242.68
-6.17852 2.32303 242.68
-6.17852 2.32303 242.68
-6.17852 2.32303 242.68
-6.17852 2.32303 242.68
-6.17852 2.32303 242.68
-6.17852 2.32303 242.68
-6.17852 2.32303 242.68
-6.17852 2.32303 242.68
-6.17852 2.32303 242.68
-6.17852 2.32303 242.68
-6.17852 2.32303 242.68
-6.17852 2.32303 242.68
-6.17852 2.32303 242.68
-6.17852 2.32303 242.68
-6.17852 2.32303 242.68
-6.17852 2.32303 242.68
-6.17852 2.32303 242.68
-6.29412 2.33731 242.707
-6.43281 2.34543 242.715
-6.58905 2.35898 242.736
-6.75956 2.40498 242.712
-6.95287 2.42905 242.714
-7.15777 2.43848 242.756
-7.37297 2.45545 242.816
-7.61101 2.46492 242.855
-7.85822 2.47299 242.912
-8.10935 2.48859 242.977
-8.34514 2.50166 243.101
-8.60511 2.531 243.207
-8.88041 2.5563 243.306
-9.14279 2.56673 243.445
-9.42781 2.59139 243.585
-9.68661 2.5913 243.771
-9.96652 2.59861 243.963
-10.2428 2.61016 244.175
-10.4791 2.61867 244.417
-10.7559 2.63258 244.657
-11.0319 2.65923 244.911
-11.2831 2.68108 245.156
-11.5368 2.70433 245.454
-11.7444 2.70125 245.757
-11.9872 2.75563 246.1
-12.2296 2.78481 246.47
-12.395 2.8072 246.848
-12.6015 2.83286 247.275
-12.7977 2.87876 247.717
-12.9209 2.91257 248.164
-13.0459 2.93476 248.657
-13.1587 2.96387 249.151
-13.2637 2.9857 249.693
-13.3701 3.02549 250.253
-13.4639 3.04695 250.818
-13.4754 3.08131 251.429
-13.5079 3.12106 252.036
-13.5613 3.15 252.664
-13.6159 3.15371 253.315
-13.6736 3.17227 253.98
-13.7229 3.19202 254.659
-13.7482 3.21254 255.357
-13.8403 3.22315 256.065
-13.8736 3.25007 256.792
-13.9197 3.29056 257.536
-13.9824 3.28839 258.298
-14.0169 3.3046 259.081
-14.0779 3.32578 259.873
-14.1339 3.36821 260.679
-14.2025 3.39955 261.499
-14.2484 3.42074 262.329
-14.378 3.42595 263.169
-14.4307 3.44903 264.032
-14.5343 3.48409 264.91
-14.6646 3.51473 265.795
-14.7037 3.5553 266.7
-14.7748 3.57422 267.609
-14.8266 3.60729 268.527
-14.9069 3.6399 269.455
-15.0017 3.66144 270.395
-15.0799 3.67288 271.356
-15.1203 3.70991 272.329
-15.1724 3.74408 273.316
-15.2139 3.78527 274.319
-15.2845 3.79718 275.326
-15.3779 3.8521 276.329
-15.4831 3.91077 277.336
-15.5081 3.96939 278.355
-15.6028 3.98623 279.383
-15.568 4.03622 280.42
-15.6554 4.06082 281.465
-15.7253 4.0768 282.517
-15.8112 4.09238 283.566
-15.8768 4.11234 284.613
-15.934 4.1409 285.664
-15.9706 4.16602 286.723
-16.0781 4.18985 287.783
-16.2146 4.21912 288.841
-16.3165 4.24044 289.903
-16.4156 4.29563 290.959
-16.4874 4.32138 292.013
-16.574 4.3362 293.06
-16.7475 4.38236 294.09
-16.8043 4.39337 295.129
-16.9271 4.43312 296.161
-17.0037 4.47533 297.194
-17.0585 4.50599 298.23
-17.1414 4.52577 299.26
-17.1955 4.55511 300.287
-17.308 4.57786 301.308
-17.3928 4.60934 302.332
-17.4905 4.61997 303.359
-17.5679 4.65426 304.385
-17.6711 4.69355 305.4
-17.7331 4.72826 306.42
-17.8854 4.79038 307.43
-18.0624 4.79796 308.438
-18.1662 4.81751 309.456
-18.212 4.8557 310.477
-18.348 4.86312 311.5
-18.4171 4.89633 312.528
-18.4933 4.92815 313.557
-18.6136 4.95321 314.586
-18.7227 5.00562 315.618
-18.7928 5.01953 316.662
-18.8645 5.04117 317.709
-18.9297 5.07736 318.761
-18.899 5.07676 319.822
-18.8646 5.08014 320.885
-18.9088 5.09607 321.947
-18.9318 5.12821 323.021
-19.0098 5.15586 324.1
-19.0805 5.18004 325.181
-19.1668 5.19487 326.264
-19.2307 5.21682 327.346
-19.2481 5.26923 328.429
-19.3091 5.29348 329.505
-19.3928 5.31959 330.576
-19.4425 5.34806 331.645
-19.5192 5.38134 332.712
-19.6069 5.41097 333.779
-19.7347 5.43571 334.845
-19.7702 5.45671 335.916
-19.8319 5.49834 336.983
-19.9534 5.52193 338.033
-20.0212 5.56233 339.084
-20.0687 5.58491 340.136
-20.1339 5.61026 341.172
-20.2487 5.63719 342.197
-20.3358 5.66288 343.212
-20.4055 5.68921 344.222
-20.5497 5.7313 345.213
-20.6011 5.75492 346.205
-20.6235 5.7878 347.191
-20.7244 5.80589 348.163
-20.8408 5.80447 349.12
-20.9339 5.82796 350.068
-21.0369 5.85544 351.004
-21.1188 5.86699 351.931
-21.1938 5.89684 352.847
-21.2539 5.91745 353.743
-21.1664 5.91229 354.622
-21.2348 5.92047 355.491
-21.3026 5.93741 356.34
-21.3735 5.95371 357.172
-21.4409 5.9774 357.981
-21.4844 5.99927 358.769
-21.5381 6.01441 359.542
-21.6166 6.04306 360.284
-21.7231 6.04291 361
-21.7818 6.05497 361.695
-21.8054 6.06886 362.364
-21.8711 6.07329 363.007
-21.9021 6.08876 363.632
-21.9768 6.10125 364.234
-21.8718 6.13498 364.813
-21.9242 6.13896 365.374
-21.9298 6.15544 365.916
-22.0039 6.18133 366.422
-22.0423 6.18903 366.912
-22.1306 6.14123 367.374
-22.206 6.15086 367.828
-22.3196 6.18461 368.263
-22.373 6.18968 368.699
-22.471 6.19622 369.133
-22.5459 6.21728 369.572
-22.6434 6.22617 369.989
-22.7799 6.23254 370.41
-22.9218 6.23526 370.831
-23.0994 6.24615 371.2
-23.2468 6.26814 371.609
-23.4776 6.27941 371.982
-23.6532 6.28851 372.333
-23.9012 6.299 372.69
-24.176 6.3141 373.04
-24.3834 6.31738 373.389
-24.7318 6.33891 373.701
-25.0135 6.36869 374.084
-25.3746 6.39435 374.322
-25.757 6.4263 374.631
-26.1541 6.46574 374.852
-26.5792 6.49832 375.115
-27.0412 6.53671 375.325
-27.4897 6.5586 375.487
-27.9958 6.5704 375.596
-28.4995 6.59319 375.724
-29.0034 6.63042 375.801
-29.5427 6.6692 375.874
-30.1007 6.68879 375.905
-30.6642 6.70775 375.87
-31.2334 6.75327 375.825
-31.813 6.79626 375.772
-32.4098 6.85876 375.718
-33.0152 6.88387 375.629
-33.6245 6.93626 375.533
-34.2361 6.97531 375.441
-34.8482 7.03833 375.351
-35.4685 7.1155 375.251
-36.1171 7.17367 375.214
-36.779 7.25106 375.129
-37.456 7.31582 375.047
-38.1374 7.37885 374.95
-38.8311 7.449 374.864
-39.5364 7.5185 374.778
-40.2553 7.58134 374.697
-40.9905 7.65831 374.662
-41.7359 7.74049 374.578
-42.5014 7.83249 374.49
-43.282 7.93407 374.398
-44.0779 8.01517 374.319
-44.889 8.12388 374.244
-45.7127 8.21024 374.152
-46.5553 8.32636 374.067
-47.4219 8.44407 374.029
-48.2955 8.54797 373.936
-49.1804 8.65398 373.863
-50.0711 8.76093 373.818
-50.9617 8.8752 373.744
-51.8579 8.96851 373.647
-52.7633 9.05087 373.57
-53.6733 9.15108 373.509
-54.5882 9.25477 373.437
-55.5058 9.35743 373.367
-56.4172 9.45405 373.28
-57.3286 9.55237 373.211
-58.2388 9.64161 373.114
-59.1458 9.73972 373.038
-60.0536 9.83916 372.961
-60.9538 9.94268 372.9
-61.8587 10.0367 372.837
-62.7622 10.1292 372.767
-63.663 10.2215 372.669
-64.5665 10.3326 372.592
-65.4587 10.4333 372.474
-66.3509 10.521 372.35
-67.2338 10.6283 372.227
-68.1152 10.7427 372.099
-69.0002 10.8661 372.034
-69.8864 10.9812 371.953
-70.7741 11.0847 371.854
-71.6572 11.225 371.778
-72.533 11.3399 371.679
-73.407 11.4423 371.561
-74.2863 11.5558 371.485
-75.1632 11.6869 371.419
-76.0395 11.7975 371.324
-76.9095 11.9134 371.222
-77.7801 12.0256 371.119
-78.6471 12.1399 371.071
-79.5144 12.256 371.047
-80.378 12.3668 370.979
-81.2398 12.4705 370.927
-82.0957 12.5797 370.857
-82.9567 12.6943 370.837
-83.8132 12.8256 370.817
-84.6701 12.9389 370.777
-85.5255 13.0557 370.754
-86.3774 13.1457 370.717
-87.2164 13.2594 370.682
-88.0368 13.3682 370.672
-88.8416 13.4567 370.654
-89.6293 13.5518 370.631
-90.3908 13.6313 370.544
-91.1358 13.7281 370.533
-91.8553 13.8431 370.557
-92.5563 13.9393 370.564
-93.2359 14.014 370.527
-93.8862 14.0738 370.454
-94.5151 14.1362 370.418
-95.1229 14.2237 370.436
-95.7135 14.2698 370.392
-96.306 14.3259 370.341
-96.8955 14.3944 370.311
-97.4849 14.4528 370.279
-98.0681 14.519 370.235
-98.6493 14.5724 370.194
-99.2229 14.6295 370.129
-99.7961 14.7075 370.108
-100.371 14.7714 370.094
-100.942 14.8327 370.016
-101.519 14.9034 369.95
-102.099 14.9839 369.872
-102.688 15.0565 369.81
-103.273 15.1173 369.664
-103.876 15.2137 369.632
-104.482 15.2952 369.557
-105.096 15.3956 369.532
-105.714 15.4716 369.426
-106.345 15.5577 369.349
-106.973 15.6124 369.171
-107.629 15.7189 369.09
-108.296 15.7919 368.993
-108.987 15.8977 368.906
-109.685 15.9937 368.78
-110.392 16.0742 368.656
-111.108 16.1639 368.576
-111.827 16.2739 368.492
-112.565 16.4014 368.381
-113.341 16.538 368.286
-114.137 16.6569 368.159
-114.941 16.7722 368.062
-115.741 16.8671 367.937
-116.554 16.9894 367.877
-117.385 17.121 367.79
-118.238 17.2768 367.879
-119.12 17.4201 367.795
-120.011 17.5584 367.707
-120.9 17.721 367.712
-121.794 17.9039 367.683
-122.704 18.0696 367.614
-123.64 18.2492 367.615
-124.601 18.4055 367.569
-125.563 18.5839 367.583
-126.529 18.7292 367.566
-127.495 18.8591 367.506
-128.47 18.9907 367.483
-129.452 19.1326 367.471
-130.437 19.28 367.466
-131.421 19.4286 367.442
-132.408 19.569 367.379
-133.398 19.7203 367.363
-134.384 19.8806 367.348
-135.358 20.0514 367.344
-136.332 20.1983 367.288
-137.309 20.3421 367.238
-138.293 20.4705 367.163
-139.277 20.5901 367.106
-140.25 20.709 367.028
-141.205 20.8508 366.904
-142.162 20.9784 366.824
-143.122 21.0713 366.704
-144.078 21.2118 366.633
-145.032 21.369 366.547
-145.993 21.4983 366.487
-146.947 21.638 366.4
-147.904 21.7678 366.32
-148.848 21.8845 366.197
-149.787 22.0054 366.098
-150.725 22.1423 366.012
-151.664 22.2873 365.925
-152.608 22.4255 365.828
-153.549 22.5739 365.747
-154.485 22.6957 365.652
-155.421 22.8129 365.548
-156.349 22.9416 365.456
-157.272 23.0634 365.357
-158.192 23.1906 365.246
-159.105 23.3303 365.132
-160.012 23.4758 365.024
-160.924 23.5845 364.979
-161.828 23.7219 364.874
-162.738 23.8353 364.8
-163.637 23.9526 364.659
-164.528 24.0665 364.551
-165.408 24.1756 364.454
-166.28 24.2837 364.376
-167.137 24.3951 364.286
-167.975 24.5156 364.174
-168.81 24.6424 364.116
-169.628 24.7601 364.049
-170.412 24.8518 363.915
-171.177 24.9598 363.829
-171.921 25.0451 363.704
-172.66 25.1298 363.615
-173.389 25.2216 363.559
-174.083 25.289 363.475
-174.754 25.3574 363.412
-175.392 25.4265 363.314
-176.016 25.501 363.232
-176.626 25.5817 363.158
-177.229 25.646 363.073
-177.816 25.7074 362.996
-178.387 25.7802 362.896
-178.941 25.8401 362.799
-179.489 25.9105 362.721
-180.022 25.9845 362.623
-180.549 26.0324 362.515
-181.073 26.0922 362.401
-181.589 26.1556 362.303
-182.097 26.2142 362.146
-182.564 26.2883 361.907
-183.038 26.3503 361.701
-183.492 26.4054 361.451
-183.932 26.461 361.185
-184.356 26.4993 360.894
-184.776 26.5757 360.615
-185.172 26.6228 360.307
-185.541 26.6901 359.939
-185.898 26.715 359.581
-186.211 26.7594 359.186
-186.526 26.8159 358.738
-186.78 26.8715 358.29
-187.019 26.9647 357.776
-187.208 27.02 357.29
-187.375 27.0736 356.787
-187.522 27.0987 356.203
-187.626 27.154 355.663
-187.713 27.2216 355.107
-187.771 27.2865 354.495
-187.794 27.3463 353.908
-187.816 27.4059 353.288
-187.815 27.4762 352.671
-187.806 27.548 352.038
-187.769 27.6226 351.397
-187.764 27.6955 350.753
-187.752 27.7822 350.098
-187.726 27.8793 349.44
-187.69 27.9961 348.77
-187.631 28.0891 348.079
-187.569 28.2084 347.38
-187.508 28.3032 346.668
-187.45 28.4138 345.943
-187.353 28.5128 345.208
-187.254 28.6182 344.462
-187.157 28.7292 343.699
-187.071 28.8347 342.921
-186.958 28.9495 342.132
-186.863 29.0517 341.326
-186.741 29.1563 340.513
-186.616 29.2598 339.695
-186.487 29.3827 338.868
-186.36 29.4905 338.028
-186.222 29.6284 337.176
-186.096 29.752 336.305
-185.963 29.8833 335.424
-185.827 30.0127 334.534
-185.669 30.1279 333.643
-185.565 30.2513 332.734
-185.441 30.3666 331.823
-185.327 30.4886 330.905
-185.205 30.6011 329.984
-185.06 30.6932 329.062
-184.948 30.7771 328.135
-184.828 30.8878 327.22
-184.711 30.9758 326.304
-184.626 31.0872 325.378
-184.491 31.1939 324.464
